Gender ,Marital_status,Age,Dependents,Education,Homeowner,Home_location,Employment,Sector,Year_Employed,HH_Inc,HH_exp,Prev_loan,ITC_Status,Default_hist,Prev_loan_length,Prev_loan_amt,Prev_loan_default,HH_Inc_ratio
0,0,0,0,2,1,3,0,0,0,32500,5000,3,0,0,0,0,0,0.153846154
0,0,0,3,2,1,3,0,3,0,6250,5000,3,0,1,0,0,0,0.8
0,0,0,0,1,1,3,2,4,0,16250,5000,3,0,0,0,0,0,0.307692308
1,1,1,3,2,0,2,0,4,2,32500,25000,2,0,0,7,3,0,0.769230769
1,0,0,0,1,1,3,0,4,0,6250,5000,0,0,0,0,1,0,0.8
1,0,0,0,1,1,3,0,4,0,6250,5000,0,0,0,0,1,0,0.8
0,1,0,2,2,1,3,0,0,1,6250,5000,0,0,0,4,3,0,0.8
1,0,0,3,1,1,3,0,0,0,6250,5000,0,0,0,4,2,0,0.8
1,0,0,0,1,1,1,0,3,0,6250,5000,3,0,0,0,0,0,0.8
0,1,1,3,2,1,3,0,3,1,32500,5000,0,0,0,3,3,0,0.153846154
1,0,0,0,1,1,0,0,4,0,6250,5000,3,0,0,0,0,1,0.8
0,0,0,3,1,0,1,0,0,1,16250,15000,0,0,0,2,2,1,0.923076923
0,0,0,3,1,0,1,0,0,1,16250,15000,0,0,0,2,2,1,0.923076923
0,1,0,3,1,1,3,0,0,1,32500,15000,0,0,0,5,1,0,0.461538462
0,2,0,3,2,1,3,0,4,0,32500,5000,0,0,0,4,3,0,0.153846154
0,0,0,3,2,1,3,0,0,0,6250,5000,0,0,0,3,1,0,0.8
0,1,2,3,0,0,0,0,0,3,6250,5000,3,0,0,2,2,0,0.8
0,0,0,3,1,1,1,0,3,0,6250,15000,3,0,0,5,2,0,2.4
1,0,0,0,1,1,1,0,3,1,16250,5000,1,0,0,4,3,0,0.307692308
1,0,0,0,2,1,3,0,3,0,32500,5000,0,0,0,3,1,0,0.153846154
0,0,2,3,2,0,2,0,3,3,50000,35000,1,0,0,4,3,0,0.7
1,0,0,0,1,1,3,2,4,0,6250,5000,3,0,0,0,1,0,0.8
1,0,0,0,1,1,3,2,4,0,6250,5000,3,0,0,0,1,0,0.8
1,0,0,0,1,1,3,0,3,0,6250,5000,0,0,0,4,2,0,0.8
1,2,1,3,2,1,3,0,4,0,16250,15000,0,0,0,4,3,0,0.923076923
1,0,0,3,2,1,3,0,0,0,6250,5000,0,0,0,2,1,0,0.8
1,1,2,2,2,0,1,0,4,3,50000,35000,1,0,0,5,0,1,0.7
0,0,0,0,1,1,3,0,3,0,6250,5000,3,0,0,0,0,0,0.8
1,2,1,3,2,0,2,0,0,2,16250,5000,3,0,1,0,1,1,0.307692308
1,0,0,2,1,1,0,2,3,0,6250,5000,1,0,0,0,0,0,0.8
0,1,1,2,2,0,0,0,0,1,6250,5000,1,0,1,4,2,0,0.8
0,2,2,3,2,0,1,0,1,3,16250,5000,2,0,1,4,3,1,0.307692308
1,0,0,0,1,1,3,0,3,0,6250,5000,3,0,0,4,1,0,0.8
0,0,0,3,1,1,3,0,3,0,32500,15000,0,0,0,2,2,0,0.461538462
0,0,0,0,2,1,3,0,3,0,16250,5000,3,2,0,0,0,0,0.307692308
0,0,0,0,2,1,3,0,2,0,16250,5000,3,0,0,3,2,0,0.307692308
0,2,1,3,1,0,2,0,1,0,16250,15000,3,2,0,7,3,0,0.923076923
1,0,0,3,2,1,3,0,3,0,50000,15000,1,2,1,4,0,1,0.3
0,0,1,0,1,1,3,0,0,0,32500,5000,0,0,0,1,1,0,0.153846154
0,0,0,0,1,1,3,0,0,0,16250,5000,3,0,0,4,3,0,0.307692308
0,1,1,3,2,1,3,0,0,2,32500,15000,3,0,1,2,1,1,0.461538462
0,0,0,3,1,1,3,0,0,0,6250,5000,0,0,0,0,0,0,0.8
0,0,0,0,1,1,3,2,4,0,6250,5000,3,0,0,0,0,0,0.8
0,0,0,3,1,1,3,0,4,1,50000,15000,3,0,0,4,3,0,0.3
1,0,0,0,1,1,3,0,4,0,16250,5000,0,0,0,1,1,0,0.307692308
1,2,0,3,1,1,3,0,3,0,32500,15000,3,0,0,0,1,0,0.461538462
0,1,1,3,2,0,2,0,4,0,32500,15000,1,0,0,0,0,0,0.461538462
0,0,0,0,1,1,3,0,3,0,16250,5000,0,0,1,2,1,0,0.307692308
0,0,0,3,2,0,2,0,4,0,32500,15000,0,0,0,7,0,0,0.461538462
1,0,1,2,2,0,2,0,2,2,16250,5000,0,0,1,3,2,1,0.307692308
1,1,1,3,2,0,0,0,0,1,50000,35000,2,0,0,3,3,0,0.7
0,0,0,3,2,1,3,0,0,1,16250,5000,0,0,0,4,2,0,0.307692308
0,0,0,0,1,1,3,0,4,0,6250,5000,3,0,0,0,0,0,0.8
1,1,1,3,1,0,0,0,3,1,6250,5000,0,3,0,4,0,0,0.8
1,0,0,3,2,0,2,0,3,0,50000,35000,2,0,0,3,3,0,0.7
1,0,0,0,1,1,3,0,4,0,16250,15000,3,0,0,0,0,0,0.923076923
1,0,0,0,1,1,3,0,4,0,16250,15000,3,0,0,0,0,0,0.923076923
0,1,0,3,1,1,3,0,0,0,32500,5000,1,0,0,3,1,0,0.153846154
1,0,0,3,1,1,0,0,0,0,6250,5000,3,0,0,0,0,0,0.8
0,0,0,0,1,1,3,0,3,0,6250,5000,3,0,0,0,0,0,0.8
0,0,2,0,2,0,2,2,1,0,50000,35000,3,2,0,0,0,0,0.7
0,1,0,0,1,1,3,0,4,0,32500,5000,3,0,0,2,1,0,0.153846154
0,0,0,3,1,1,3,0,2,0,16250,5000,3,0,0,0,1,0,0.307692308
0,2,0,3,1,1,3,0,0,0,16250,5000,3,0,0,0,0,0,0.307692308
1,0,0,3,1,0,2,0,3,0,32500,5000,0,0,0,4,3,0,0.153846154
0,0,0,3,2,1,3,0,3,0,32500,5000,3,0,0,0,2,0,0.153846154
0,1,0,3,1,0,0,0,0,2,6250,5000,0,0,0,2,1,0,0.8
0,1,2,2,1,0,1,0,0,3,32500,15000,0,0,0,2,0,0,0.461538462
1,1,1,2,2,0,2,0,0,3,16250,5000,2,0,0,3,1,0,0.307692308
0,0,0,3,0,1,1,0,2,0,6250,5000,3,0,0,0,0,0,0.8
0,1,1,3,1,1,1,0,0,0,6250,5000,0,0,0,2,1,1,0.8
0,1,1,3,2,0,0,0,0,2,16250,15000,3,0,0,3,2,0,0.923076923
1,0,0,3,2,0,0,0,0,0,32500,15000,3,0,0,0,0,0,0.461538462
1,0,0,3,1,1,3,0,3,0,6250,5000,3,0,0,3,1,0,0.8
0,0,0,0,1,1,1,2,4,0,6250,5000,3,0,0,0,0,0,0.8
1,1,0,3,2,0,1,0,0,0,16250,5000,3,0,0,2,0,0,0.307692308
0,1,1,2,1,0,0,0,0,3,6250,5000,3,0,0,0,0,0,0.8
1,0,0,0,1,1,0,2,3,0,6250,5000,3,0,0,0,0,0,0.8
1,0,0,3,1,1,3,0,0,0,16250,5000,0,0,1,3,1,1,0.307692308
1,0,0,2,0,1,3,2,4,0,6250,5000,3,0,0,0,0,0,0.8
1,1,1,3,2,0,2,0,4,0,32500,15000,0,0,0,2,3,0,0.461538462
1,1,1,2,2,0,2,0,3,0,32500,35000,0,0,0,3,3,0,1.076923077
1,1,1,3,2,1,0,0,4,0,16250,15000,3,0,1,0,1,0,0.923076923
1,0,0,3,2,0,2,0,3,1,32500,5000,0,0,0,2,1,0,0.153846154
0,0,0,2,1,1,3,0,0,1,6250,5000,0,0,0,2,1,0,0.8
1,1,1,2,2,0,2,0,0,0,50000,35000,0,0,0,2,3,0,0.7
1,1,1,3,2,0,1,0,4,2,16250,15000,2,0,0,4,3,0,0.923076923
0,0,0,0,1,1,3,0,3,0,6250,5000,3,0,0,0,0,0,0.8
1,1,1,2,2,0,1,0,2,2,50000,25000,2,0,0,4,2,0,0.5
0,1,0,3,2,1,3,0,3,0,32500,15000,3,0,0,0,0,0,0.461538462
0,1,1,3,2,0,1,0,0,2,6250,5000,3,0,0,2,1,0,0.8
0,1,0,3,2,0,1,0,0,1,6250,5000,2,2,0,5,1,0,0.8
0,1,0,3,2,0,1,0,0,1,6250,5000,2,2,0,5,1,0,0.8
0,1,2,3,2,0,2,0,4,1,32500,35000,2,0,0,7,3,1,1.076923077
1,2,1,3,2,0,2,2,4,1,50000,25000,2,0,0,7,3,0,0.5
